773.956049 438.878440 858.597920
697.368029 94.177348 975.622352
761.139702 786.064305 128.113633
450.385938 370.798024 926.764989
643.865120 822.761613 443.414199
227.238722 554.584787 63.817256
827.631172 631.664399 758.087740
354.525968 970.698024 893.121121
778.383497 194.638708 466.721004
43.803766 154.289492 683.048953
744.762156 967.509732 325.825358
370.459706 469.555811 189.471359
129.921505 475.704926 226.909349
669.813995 437.151919 832.678196
700.265102 312.366641 832.259801
804.764357 387.478379 288.328104
682.495504 139.752484 199.908202
7.362270 786.924378 664.850857
705.165379 780.729031 458.915776
568.741196 139.796998 114.530074
668.402962 471.096206 565.236106
764.998857 634.718320 553.579401
559.207161 303.950098 30.817835
436.717389 214.584673 408.528644
853.403073 233.939486 58.302742
281.383892 293.593758 661.916515
557.032152 783.898209 664.313540
406.386861 814.020385 166.972920
22.712073 90.047861 722.359351
461.877230 161.271779 501.044775
152.312103 696.320375 446.156276
381.021226 301.512089 630.282593
361.812611 87.649919 118.005902
961.897665 908.580691 699.707134
265.869961 969.176377 778.750904
716.890189 449.361502 272.241562
96.390962 902.602397 455.776290
202.363365 305.956624 579.219569
176.772783 856.614284 758.519530
719.462956 432.093040 627.308841
584.097969 649.846602 84.444321
415.807402 41.614174 493.990819
329.861212 144.524189 103.402968
587.644572 170.592969 925.120118
581.061140 346.869805 590.915491
22.803871 958.559213 482.303437
782.735227 82.730000 486.658331
490.706994 937.826455 571.728052
473.489401 266.975663 331.568997
520.672402 438.911460 21.612080
826.291924 896.160772 140.249089
554.036144 108.575741 672.240093
281.233784 659.422635 726.994614
768.647492 107.740946 916.011845
230.213991 37.412556 554.852469
370.922284 829.789743 808.251472
317.138893 952.899395 290.917838
515.057129 255.965091 936.043570
164.607818 44.910619 435.097060
992.375564 891.677266 748.608019
890.792491 893.446640 518.858360
315.929052 772.012432 661.661263
373.657729 94.466668 746.789611
262.460516 936.813151 240.970575
122.757932 831.112672 153.284317
179.268308 599.382792 874.562041
196.434666 310.323673 777.404838
971.826426 500.741186 143.897503
13.936288 229.656030 131.822218
677.658674 121.832505 506.329932
694.262436 581.116609 199.775652
804.124526 715.407130 738.984004
131.057752 123.753804 927.562551
397.578194 300.948692 488.584045
662.864213 955.623257 286.446227
924.808429 24.859491 555.198042
633.975112 105.897404 140.339597
419.114319 966.231912 596.042553
933.023222 804.360916 467.381602
784.763449 17.836784 109.143997
829.428615 796.817088 232.640742
530.769591 606.015821 867.738954
603.107157 412.571569 374.184043
425.882086 651.931026 867.490632
453.896882 247.839563 236.662363
746.014280 816.568763 105.278080
66.558857 594.433664 146.173244
824.664190 310.334674 143.871933
920.970472 165.531723 284.720082
153.613395 115.490064 21.148016
55.395409 174.641471 53.381933
591.143816 680.714527 393.630457
317.991097 504.526237 875.004942
851.131627 43.475062 181.498410
236.744871 249.387576 571.232652
416.262426 49.254120 373.614138
523.752949 101.671903 833.458554
51.961866 924.841869 99.113142
843.574952 902.653144 979.570681
802.025880 779.477541 642.483276
778.996355 134.552208 536.068036
514.222870 857.572144 462.799366
385.089496 639.563271 266.463318
139.768411 477.877274 416.889369
232.569941 367.511810 366.392450
327.495564 379.464080 685.743345
296.876475 948.857927 916.348020
480.910428 328.361205 535.434790
848.560489 652.587341 804.391828
532.722276 632.917629 288.155614
734.893162 202.404593 694.798129
860.719068 132.102837 614.379741
95.095748 725.715628 84.493219
935.939823 137.407930 958.880246
800.884176 593.682004 782.624105
795.114839 946.027063 253.383354
590.075895 95.049198 616.165700
171.291304 564.950611 572.430514
465.985153 522.631776 763.923390
799.244717 492.153216 599.593442
931.236236 119.733589 117.103566
87.709012 657.863285 418.608301
774.321416 671.231413 333.637758
898.366547 762.532147 270.534941
364.192018 314.439980 157.611649
147.783373 936.127463 437.904037
383.319823 729.685709 552.993065
936.139987 780.301494 479.369564
376.359473 986.631545 717.760236
951.194660 118.478577 850.533679
637.073884 121.921678 588.258000
686.096365 12.302686 454.317962
825.399511 295.359025 458.548082
442.314127 301.927391 918.441896
781.294035 110.588411 997.034658
879.200024 283.908438 836.896580
106.419532 999.104730 665.684736
650.125016 90.440727 897.033399
28.999503 240.828058 143.021875
776.767941 198.204227 910.638227
656.269039 36.162710 5.429834
51.657917 605.925178 801.481811
238.552821 849.408843 57.231940
800.963854 927.795430 772.108399
698.120784 837.980219 40.151300
201.782111 124.923679 504.530990
745.188128 630.011845 851.131100
155.212992 734.621092 193.041491
270.758751 709.904697 980.204785
611.543606 54.500315 616.308970
42.350552 884.145711 709.578285
173.127846 91.721006 183.533229
980.027180 458.560642 784.080948
636.408342 572.413150 145.130255
946.024454 301.342633 578.017216
699.775945 649.233155 940.594410
148.438990 508.352738 404.034391
474.168729 119.217526 134.094610
278.075546 304.704604 427.903214
610.987547 634.629117 411.810897
408.783109 217.628527 588.306248
317.040911 36.059834 418.400044
474.132675 225.592868 572.457933
565.771900 702.002181 647.948482
652.433057 316.214152 787.432222
549.144384 431.418195 626.012481
360.657334 512.739245 736.705688
886.402887 921.057197 503.632925
520.275115 799.870411 314.450692
837.382362 494.141647 115.856724
72.059147 841.993211 55.567917
280.611436 334.130041 172.994445
313.893370 742.692567 14.682844
827.173425 856.548024 372.261573
153.612899 600.840408 119.672556
364.919361 958.429181 995.464473
772.104891 310.961510 687.665049
705.406365 387.841695 640.888635
10.727645 209.057659 525.088303
163.751304 165.906868 836.304291
989.133003 555.969428 839.069731
990.321664 141.595889 448.245613
392.572716 80.049284 755.330173
433.779027 469.326934 150.672974
180.926652 907.103622 44.649089
232.852285 292.059330 490.197542
586.445173 493.289976 84.115335
243.667454 843.588385 637.588700
649.149050 670.203255 762.903019
58.108482 366.608385 539.527435
338.456483 844.478873 482.572509
768.627589 852.015517 504.791483
909.552244 587.123941 850.274299
340.590796 498.816959 531.411041
104.979716 398.552507 917.337673
630.832240 177.506582 338.855636
191.603010 24.823132 927.460459
448.207328 307.535072 598.477192
7.314456 278.022107 703.033466
633.769773 981.805948 620.357710
477.505874 761.432563 903.327872
720.695947 963.211224 782.005171
866.801438 114.104071 732.413503
440.088700 553.103802 654.102409
969.815117 984.578081 288.228245
733.753497 749.983538 346.492861
123.869775 40.946960 777.343128
489.699742 985.540169 464.973456
977.916979 411.576002 793.682151
84.819272 555.461710 802.059787
924.701667 822.583091 36.970727
372.702341 48.698472 109.282291
675.305629 713.258196 773.720683
865.456548 739.431468 800.871592
48.963710 234.535150 621.897773
858.125305 4.500125 514.629342
677.287399 29.607289 401.355558
895.634881 671.612809 237.658363
852.781130 348.031423 853.344671
298.943651 590.320251 396.940068
274.825051 886.557562 187.593682
84.811591 341.926939 717.639148
807.431606 998.743370 296.362057
407.941951 136.821278 574.871930
997.580037 700.881010 595.212840
392.369093 915.298760 496.916596
134.366913 365.378463 67.166669
201.979038 17.668781 453.279917
634.540265 343.292462 420.381772
959.209273 751.963122 540.856637
284.540875 896.996799 235.097117
325.342731 909.064814 529.542055
742.317949 590.744794 653.439209
299.383292 241.372062 322.492347
155.441564 874.314365 283.246933
561.489394 791.974425 783.824109
438.386259 476.257309 994.701749
674.597477 814.638443 902.553969
787.589836 185.179345 562.170734
101.894157 652.922127 955.349428
512.732064 432.972493 35.842751
959.774522 103.002684 41.079093
246.066612 65.530434 455.117842
516.087801 312.569949 50.960483
111.600368 384.504378 60.528451
698.189726 207.020542 302.071569
394.125777 416.609633 1.660708
112.070371 862.764564 1.233063
508.167356 489.502007 333.094161
431.327020 780.581138 841.203706
260.348543 322.490441 242.482853
479.863401 683.258358 228.252875
330.735742 930.384618 48.569290
460.769605 711.558042 150.454012
47.374020 138.205372 918.823194
9.259782 188.321975 31.283513
110.629468 620.149287 241.638909
569.212050 590.195383 849.435333
4.741393 853.369459 619.119086
162.743486 772.937388 855.491542
254.263484 918.793681 454.457430
603.424454 984.649534 361.536079
813.159346 318.399118 799.213522
600.733919 216.355695 414.026094
317.635634 78.108393 29.834770
346.478655 19.034148 165.487758
725.183321 708.091236 738.580386
317.153171 890.019457 593.830548
126.026342 143.718661 693.095427
172.943936 507.292702 991.774476
4.007605 16.579802 993.084582
584.638834 126.909976 897.302200
880.380300 536.200413 621.792030
273.187192 50.519696 594.567609
294.755193 663.621047 836.245177
18.160544 595.713775 231.280540
873.888498 253.664507 610.770133
553.540840 396.166500 677.620764
725.769635 566.937795 758.422237
983.417076 419.272388 514.583052
12.469878 796.028556 520.230067
407.961430 94.071963 889.656422
395.007240 682.581598 149.374156
961.549630 178.441762 199.541993
858.982861 912.582744 212.147408
469.800888 733.494905 878.365734
379.052695 517.019487 741.716411
731.135977 782.960130 569.933819
104.615097 903.973291 865.572539
798.097436 99.862477 204.397367
743.600365 23.140095 979.224634
377.144680 719.312534 887.571088
394.629888 319.132489 608.741129
580.989374 409.139978 601.774756
935.381370 467.640257 196.742181
377.205983 394.106983 131.108693
162.871501 684.562073 339.477754
954.898392 243.596745 98.924505
753.504563 881.036052 278.113357
202.088102 185.766135 522.012301
468.416641 259.439840 45.173117
481.491340 959.332348 652.519201
495.506557 110.692074 252.436291
294.773950 764.803553 876.710797
901.641854 984.568608 982.366683
952.999133 71.822141 137.793536
304.466526 552.898254 96.977889
845.796958 616.756179 542.364402
165.311323 253.255474 160.312025
851.933158 584.227860 735.129428
296.032863 371.252637 404.854964
760.014972 772.352988 206.813528
941.538857 120.655337 896.122082
100.395646 264.539811 846.478536
179.492072 413.567931 449.859300
245.258973 710.245201 851.334649
874.575140 339.322146 530.850394
248.406404 244.796502 161.254063
940.019011 887.988829 777.358713
517.661521 490.607916 529.745666
536.568014 434.563085 131.754833
125.663853 952.249716 482.030760
953.205525 163.576878 554.416552
207.717253 253.184606 30.054579
118.953311 916.848408 321.532991
608.129212 465.014132 400.451245
531.886091 187.238945 988.603899
818.307869 741.614633 468.759297
152.877122 920.665858 341.387067
50.106690 342.403677 794.457030
622.708745 750.838585 793.635384
211.954611 923.783316 437.989603
639.013649 2.308773 993.368498
280.896386 62.063107 458.262042
129.030057 152.326710 632.282813
392.927392 921.852450 319.156495
726.180128 461.099430 659.951301
599.695357 472.783973 950.061095
342.713643 177.235501 678.094061
846.007561 40.253740 449.632688
892.487690 749.618619 991.807716
531.413812 659.995719 302.480281
947.535600 366.335489 738.510713
403.140204 561.818930 719.782535
508.934152 907.086327 419.300988
647.071798 342.362433 408.156668
440.050108 125.807018 91.723679
667.489923 655.517738 662.909714
19.766445 326.546843 197.809847
778.151423 860.630401 246.680377
667.849159 129.362803 275.152526
138.654496 283.520767 674.736547
910.326910 202.522408 542.079035
701.391101 952.922468 610.060483
255.106931 625.478157 320.491162
976.128391 399.676135 685.427721
23.227582 400.061446 875.107613
610.227444 443.942886 935.937499
853.984376 322.215674 544.548402
489.824256 632.202500 334.111267
244.205001 912.671835 923.874499
843.322886 978.204431 744.991526
764.667229 762.590092 480.607631
456.452195 240.226276 644.819194
289.320136 257.808410 585.961374
409.982388 218.856609 816.056017
860.569919 167.699520 7.507033
336.129969 797.510836 839.173866
138.329070 774.335901 115.704167
390.062590 998.609515 192.590823
153.963583 422.800333 619.668526
932.900782 980.821146 69.640637
137.997517 790.737974 270.632152
884.849060 663.453257 111.844802
832.529285 176.356380 423.495395
552.184929 500.766149 686.162916
652.686735 992.042006 999.421909
516.459403 95.199087 727.843299
976.664078 318.326388 461.208886
424.776925 51.419155 672.264431
353.337695 787.463875 832.120075
821.230787 416.665998 321.545682
748.820780 801.389434 491.257446
893.031020 143.908696 879.068780
96.095233 153.525522 533.840013
67.518480 52.807101 0.518744
436.316660 774.623881 34.838350
652.257606 823.127317 168.000849
146.863735 860.800974 823.124610
538.941766 819.199879 92.756077
394.481518 737.797556 257.451959
752.328914 504.178604 750.265988
464.679638 367.904340 219.189216
208.379341 751.490811 118.910348
85.982350 176.291365 175.346511
823.107623 398.506623 990.388457
137.211258 653.539826 448.729507
392.918177 875.084199 975.595646
872.858959 192.300679 220.797921
656.073879 289.083582 734.725131
566.420651 550.908768 828.546925
710.532772 26.577765 49.459137
601.558452 486.192076 260.184655
418.656087 757.910319 826.611485
561.223068 385.369481 270.696761
521.918471 314.749619 564.095137
676.652383 66.079211 1.067465
212.277139 894.511498 646.290763
171.960352 890.263962 469.955940
476.091757 935.541944 59.486692
215.178275 585.771325 195.486510
679.527009 214.092289 99.156971
206.985160 422.734034 176.138299
134.692025 860.281886 320.397204
360.758687 55.270410 357.369624
264.807177 610.485067 205.390298
888.365453 929.666621 99.831057
107.402956 115.326438 619.569256
121.968964 852.382318 754.271515
819.808858 526.060527 996.677212
44.175103 401.264964 323.936669
948.645499 576.860958 806.190965
170.341194 978.634144 498.639547
493.672076 970.884729 380.732361
397.525025 584.752703 128.052611
321.085626 193.208322 103.283479
866.144606 589.331166 358.672792
408.669377 431.519004 633.149182
926.769391 932.779620 391.491980
329.262460 451.046500 567.934230
461.817911 658.753410 554.399023
320.715547 345.730806 378.592788
94.639768 166.062632 723.113802
389.096712 214.538973 562.672411
755.539542 257.422362 826.789882
927.504860 597.394529 668.947659
52.575990 945.519891 392.484734
923.900401 578.977525 4.618799
38.541999 680.418806 562.668014
26.532437 743.459961 852.145337
496.417482 465.757440 5.473109
786.649712 330.716067 878.763620
373.060588 565.077911 270.341788
160.588313 774.907903 496.590479
536.487924 965.415953 963.579912
855.642122 187.609293 594.272694
878.147425 374.463936 101.106166
810.962902 481.763551 564.392680
982.144296 607.211430 424.979386
369.984368 417.619293 118.399083
794.750558 837.716858 284.397135
303.796618 874.334256 23.970356
520.457444 463.675715 690.126770
163.391700 668.330741 376.734008
618.714778 40.095010 461.727197
522.250894 214.326403 139.623654
188.474303 344.141078 96.810149
947.319796 404.994061 808.969603
974.417123 80.735280 651.669468
871.409087 634.234434 429.026121
431.076358 35.898886 534.600751
993.542997 958.707526 40.399229
705.797004 301.764867 902.989153
45.114746 935.874102 837.475744
117.504382 59.824337 834.707664
155.757671 534.898153 915.744858
567.448114 397.233301 445.016055
63.117171 968.752321 310.654185
189.363492 286.047302 964.373195
94.286053 867.303041 707.843894
830.019179 975.897540 842.154656
943.382351 126.935257 795.788565
545.675694 543.495595 898.921576
971.803819 704.838323 482.938389
456.403858 386.341457 361.599030
391.506842 89.753235 77.436085
779.869844 446.072893 930.684489
612.221009 35.175982 157.523341
205.819793 975.736024 218.704226
515.755676 936.176932 977.192730
236.360435 49.117644 153.601833
63.328479 195.124241 568.569715
912.448796 537.218884 625.989557
201.867252 800.583621 617.788909
864.136829 948.843107 347.900776
90.579059 225.928958 437.841566
945.693652 378.309822 770.773214
540.476692 182.808770 320.734119
653.191885 672.853395 434.759747
228.645603 721.906780 168.873042
936.669692 187.903579 107.312363
497.647702 519.549598 508.192915
436.667489 994.814893 486.280613
477.946581 421.766063 66.825755
592.956631 227.967772 637.608980
50.833462 981.387101 469.005079
896.755372 475.561173 60.330819
822.213546 648.183730 781.757048
428.169864 637.936744 856.229004
631.065443 347.673635 662.529594
